Mixture	bladder	lymph_node	muscle	salivary_gland	spleen	testis	adipocyte	artery	bone	esophagus	skin	stomach	kidney	liver	nerve	lung	heart	bowel	brain	pancreas	pleurae	thyroid	vein	P-value	Correlation	RMSE
SY16	0.0170628239146203	0	0	0	0.285405842028719	0	0.183997300059865	0	0.255529834662949	0	0.00429118968231646	0.0715959553972715	0.0201207614374632	0.051867818480869	0.0258764705590032	0.0557623547037911	0	0	0.0224505370005065	0.00603911207262528	0	0	0	9999	0.136271405011252	1.00246740638388
SY17	0	0	0	0	0.291843146390761	0	0.202268294148929	0.00014207195116241	0.253733861260931	0	0.00316744812209349	0.0640334321409971	0.00445418243362088	0.0350152570138063	0.0374138451948105	0.0639517893709335	0.00451819854509572	0.018730896754843	0.0182329576009697	0.00249461907104535	0	0	0	9999	0.15645197714692	0.993757678130331
SY18	0.00119834427080115	0	0	0	0.286968945296845	0	0.160759758257003	0	0.270706583151142	0	0.00286421627611709	0.0577307844088079	0.034591405354569	0.0322833666031079	0.034709943776735	0.0773990788462877	0.0121846645382486	0.0118830054670622	0.0102674039859999	0.00645249976727317	0	0	0	9999	0.158443729673145	0.991948228354149
SY20	0	0	0	0	0.222283480855781	0	0.143363326175244	0.030673722390676	0.355153576832403	0	0.00301162820199115	0.0897867507742228	0	0.0256331867381944	0.00047315946469435	0.0400636859000958	0.0558868459870677	0.00819602120385947	0.0185056033517393	0.00696901212403046	0	0	0	9999	0.158370531716758	1.00490831568857
SY21	0	0	0	0	0.286019314917688	0	0.280232622279942	0	0.234074479538666	0.00885241475786754	0	0.0511557367393465	0	0.039658783205729	0.030578417264223	0.00457548705755747	0	0.0393148270253159	0.0255379172136655	0	0	0	0	9999	0.132102573897216	1.0003531906623
SY23	0	0	0	0	0.270508065713076	0	0.202468650486701	0.00397723637005324	0.275522699277842	0.0222995084086672	0	0.0388027382029052	0	0.04081770655526	0.0292539701770394	0.0635226080623986	0.00761242713955227	0.0281123939338066	0.0171019956726979	0	0	0	0	9999	0.158325843601847	0.993956093475575
SY24	0.0374738717223319	0.0275139804631435	0	0	0.331984239379923	0	0.109014248622426	0	0.232684025808017	0.0109416628349571	0	0	0.00324053431911892	0.0663044070082107	0.00197058130870586	0.138029281551214	0	0.026623406862278	0.0142197601196733	0	0	0	0	9999	0.147569935251332	0.997539461946118
SY27	0.0544392743535251	0.0242984597913575	0	0	0.307992213935596	0.000213733990940194	0.123981991690231	0	0.229674116634733	0.0150764429413512	0	0.0255334080242443	0	0.042954436705091	0.00991662278818302	0.139488625899886	0	0.000282556322678556	0.0261481169221829	0	0	0	0	9999	0.16615902770875	1.00040859432745
SY29	0	0	0	0	0.2765355923479	0	0.21102344869375	0.00988875423487896	0.255994210814987	0	0.00250064968380668	0.0774552877982028	0.0062178052032869	0.0325476936533416	0.0391349356742087	0.0584017488328407	0.00336903399211646	0.00844979299978911	0.0174354312797245	0.0010456147911668	0	0	0	9999	0.157719340714343	0.996768287867121
SY33	0.0346360706999634	0	0	0	0.263305448861609	0	0.107929396395211	0	0.279004650436548	0	0	0.0350664305791353	0.0270331180087143	0.0283015597000699	0.00844191269271415	0.153560934501253	0.0213466039280051	0.0161660726374641	0.0158268802176895	0.00938092134162318	0	0	0	9999	0.128950431835389	1.00838844613613
SY34	0.0283151362107531	0	0	0	0.293164821359655	0	0.11816420334763	0	0.262537328336487	0	0.00512118973860655	0.0558821069580662	0.0322854756471644	0.0436118544478766	0.0440253916719274	0.0993700046431218	0.00259645931923754	0.00224365578676962	0.00786875664164201	0.00481361589106232	0	0	0	9999	0.138649245552008	1.00467138940667
SY36	0	0	0	0.000180187361889237	0.237336838872941	0	0.253219735322023	0.0387767382940838	0.284102507412747	0	0.00679127921443982	0.122648839319437	0.00436260139985817	0.0222767041271409	0	0.0302669794179454	0	0	0	3.75892574949994e-05	0	0	0	9999	0.111557405039863	1.03268773046704
SY38	0	0.0588424438781374	0	0	0.307929449507678	0	0.179988686792334	0	0.212026543052671	0.0141122036530231	0	0.0298582094143927	0	0.0691497229753684	0.0204979252630528	0.0588235702264298	0.00231351820613235	0.0311377687182855	0.0153199583124948	0	0	0	0	9999	0.159816111878116	0.990315649044524
SY42	0.0332362680004474	0	0	0	0.268178830167798	0	0.148365432869503	0	0.21963440230569	0	0.00318018017857171	0.05493798180785	0.0242054648371707	0.0320227319304944	0.0295562585719684	0.152182404415962	0	0.0177530263179948	0.00634608711025132	0.0104009314862976	0	0	0	9999	0.128111777552614	1.01534378217658
SY44	0.0284325437152146	0	0	0	0.2766317049519	0	0.160859449216584	0	0.233710415288804	0	0.00343366320370936	0.059177159592069	0.0138819141652982	0.0330506060596972	0.0416946677197476	0.115927208519455	0	0.0145269903073992	0.00909592276553687	0.00957775449458378	0	0	0	9999	0.164453014988702	1.00038742501126
SY45	0.0165108069937346	0	0	0	0.254898331121611	0	0.0771246926434093	0	0.315447423450132	0	0	0.0813904170378134	0	0.0247341265659699	0.00533463240081378	0.167681324485862	0.0490698772651072	0.00201844982374869	0.0035713636933045	0.00221855451849394	0	0	0	9999	0.157397195506314	1.00346254245733
SY46	0.0295581888687083	0	0	0	0.293850027988491	0	0.142544743304885	0	0.241816471716692	0	0.00433087423548108	0.0461935026185804	0.0292963123895281	0.0398877363964833	0.0120223931862299	0.132216964075302	0	0.0126479152504108	0.011717616666472	0.00391725330273518	0	0	0	9999	0.136651862325284	1.00482280325458
SY47	0.00189927665198205	0	0	0	0.269627949039212	0	0.164802148250602	0	0.280318961847126	0	0.00202467109232362	0.0683433409077373	0.018556108401423	0.0281036372776377	0.0304015905532815	0.0923046122358496	0.0122557382627165	0.0103319973578137	0.0147168807777739	0.00631308734452145	0	0	0	9999	0.171753523321529	0.990311514543989
SY48	0.0187965431343073	0	0	0	0.269698435843389	0	0.180234055985308	0	0.244775490467026	0	0.00500082856830394	0.0555410476239013	0.0389839837026047	0.0252488131343049	0.023522712749854	0.0934242992335865	0.00303553672422506	0.0118785177859532	0.0112565175071516	0.0186032175400849	0	0	0	9999	0.147963885462957	0.999265270329541
SY53	0.0219749868631286	0	0	0	0.295100876144885	0	0.15413132133948	0	0.250017432842677	0	0.00710532305651161	0.0567915459884348	0.034860052186193	0.0334000548794088	0.0171479374653839	0.108807010316684	0	0.00962838711809587	0.00847233664471397	0.0025627351544046	0	0	0	9999	0.140007277193241	1.00262590305784
SY59	0	0	0	0	0.235244422848932	0	0.203746331010276	0.0291124884328893	0.310726446146537	0	0.00435253486563731	0.10787744684632	0	0.0319904985113176	0	0.0465534389108238	0.00621959824794348	0.00142145341986353	0.0207231934083589	0.00203214735110118	0	0	0	9999	0.138803790792647	1.01353257239645
SY60	0	0	0	0	0.290563481919181	0	0.24076876800882	0.0288059599376607	0.265268057031939	0	0.00210001098288135	0.0515004118440047	0.0215448505032205	0.0390113406174648	0.0334324168515211	0	0.00175017616448505	0.0082790155850641	0.0169755105537572	0	0	0	0	9999	0.145924227842842	0.99722361324019
SY61	0	0	0	0.0108433654510387	0.230790017529303	0	0.225556855582544	0.0114187003311813	0.310157564597024	0	0.000575552217369121	0.0759096773839327	0.00410843795455408	0.0284497458616382	0.0255671015488426	0.0255498398156345	0.00874383919778216	0.0155167062947401	0.0268125962344157	0	0	0	0	9999	0.141548350214522	1.00196499536222
SY63	0.00537847048081906	0	0	0	0.291161256509165	0	0.111508971039589	0	0.268649207672393	0	0.00125704276810398	0.0776239270181408	0.00459314165791281	0.0321586491916472	0.0210409952115344	0.148897369076416	0.0108477549685662	0.0210914291644382	0.00244276416706215	0.00334902107421204	0	0	0	9999	0.135988187848101	1.00688603654791
SY64	0.0107062692570141	0	0	0	0.282375422247427	0	0.139591776245793	0	0.273799679771834	0	0.00167139097399661	0.059455012358892	0.00394504696111979	0.0335245285921119	0.0440533803015795	0.108431650515175	0.0175668422808437	0.00800521745767482	0.0136596399129254	0.00321414312361372	0	0	0	9999	0.18175172000234	0.988598032262565
SY65	0.0412271967898813	0	0	0	0.262106428090296	0	0.153330722300578	0	0.224089031832635	0	0.00418742645071852	0.0440416153471954	0.0355475006285896	0.0252691687639649	0.0183184241901364	0.149038078270247	0	0.0142745044659483	0.00660674441329788	0.0219631584565111	0	0	0	9999	0.109841942732487	1.02014735308308
SY69	0.00231006579374341	0	0	0	0.261029834054306	0	0.21533797591087	0.0167354955490491	0.237666780467792	0	0.00834595666674566	0.0630682318666698	0.0399459144673429	0.0234927035147213	0.0368878813264733	0.0543066153734178	0	0.0180695771713043	0.00956251290022951	0.0132404549373358	0	0	0	9999	0.128001969016759	1.00644480650849
SY70	0	0	0	0	0.328391237552247	0	0.214051552982744	0.0165176991898971	0.238742504050924	0	0.00166042973618921	0.0249905563239305	0.0322706220161946	0.0319686558470118	0.0233286673419138	0.0479395439941171	0	0.0244089649851844	0.0157295659796471	0	0	0	0	9999	0.160956280007905	0.989086565113732
SY71	0	0	0	0	0.307110645401699	0	0.142188354183923	0	0.254041670513391	0	0.00394447442949346	0.0816851493894448	0.000757334216272584	0.0332312846835444	0.0192249960842747	0.133463206241257	0	0.0192105238632967	0.00514236099340308	0	0	0	0	9999	0.138931468646849	1.00363681560484
SY78	0.0488516452191605	0	0	0.00316980264084598	0.319389518489653	0	0.108594192868187	0	0.287966542836023	0	0.00272994267376493	0.0608257568106462	0	0.0857850028416192	0.00262375191705366	0.0664177988680218	0	0	0.0136460448350247	0	0	0	0	9999	0.149493822324388	1.00629582862408
SY81	0.00933355203989582	0	0	0	0.274934516339468	0	0.207427134850341	0.000189004036070283	0.243019381195394	0	0.00695900995853259	0.0769078731040197	0.0147300194296199	0.0395309048153564	0.0269570064578478	0.0728768743292687	0	0.0119123935463999	0.015222329897786	0	0	0	0	9999	0.134874880776964	1.00473631379943
SY83	0	0	0	0.0025140820440389	0.225919374033168	0	0.231658906174276	0.0422530080830915	0.294404932045515	0	0.0015895199262273	0.0800560271393401	0.0211398456648274	0.0241811858852877	0.0387969204877554	0	0.00737644061963042	0.012109152754912	0.0180006051419304	0	0	0	0	9999	0.117361451791944	1.02003909579575
SY85	0	0	0	0.0127219739603559	0.295743374580976	0	0.238670882483583	0.0277592355558302	0.261843955123543	0	0.00263459532042056	0.0869807556653326	0	0.0492590383415511	0.00390576112610084	0	0	0	0.0204804278423066	0	0	0	0	9999	0.128534256713635	1.00718403521736
SY86	0	0	0	0.00318487045098734	0.253919541290129	0	0.217655898750502	0.0280915685652132	0.278773274989822	0	0.00281166150093585	0.0680004848146408	0.0314016455983482	0.0253431521992522	0.0252856661111444	0.0232169405612586	0.00626610324038387	0.017520678379034	0.0185285135483478	0	0	0	0	9999	0.131419534602349	1.00744588607178
SY87	0.0126860531104807	0	0	0	0.293298653454005	0	0.138954962612836	0.00113145318822912	0.239559807786132	0	0.00403348585043468	0.0396198574037018	0.0288276073532282	0.0352289697551381	0.0651610245467345	0.105698791398807	0.00316842408054122	0.0225180685677626	0.00407565510671701	0.00603718578525153	0	0	0	9999	0.164196440604191	0.993068130094036
SY88	0	0	0	0.00733945011991052	0.231960374172764	0	0.212056131002504	0.0393811055544212	0.299069789920148	0	0	0.0735885146413581	0.00937412476463857	0.026829469842322	0.0448703982523459	0.00325153785289388	0.0135178232620055	0.0148560241855667	0.0239052564291217	0	0	0	0	9999	0.137957055607916	1.01080140343891
SY90	0.0179989682910063	0	0	0	0.266559096162544	0	0.143447503998844	0	0.245449633243032	0	0.00354095128606867	0.0609255795218168	0.0241005479723812	0.0290599864305837	0.0232801366954581	0.141282496509602	0.00841325096618827	0.00974362836027212	0.0106454008283282	0.0155528197338758	0	0	0	9999	0.155793566573496	0.999133728985461
SY91	0	0	0	0	0.262627292195519	0	0.193164277978979	0.00667610700456094	0.281637150994582	0	0.00409373990979565	0.0572245185611005	0.035424965845198	0.0238978444837301	0.0240147371603045	0.0645005436940967	0.00922724297375643	0.0120217411626623	0.020938288828773	0.00455154920694235	0	0	0	9999	0.160695925100719	0.991809422963661
SY93	0	0	0	0	0.226083980743838	0	0.219517149004009	0.0301118615932085	0.333561599253544	0.000632599863649555	0	0.085252690510819	0	0.0252681724526591	0.0415451317188302	0	0.0157351479911061	0.0039025338049544	0.0183891330633827	0	0	0	0	9999	0.137160237286314	1.00973717267998
SY94	0	0	0	0.00751552885059574	0.225544451954656	0	0.293607443939951	0.039202885292769	0.242302984612862	0	0.00500232806436153	0.087851549940605	0	0.0284689495096609	0.0354189163522218	0	0	0.0141808042234639	0.0209041572588529	0	0	0	0	9999	0.129809878739201	1.01790634513123
SY95	0	0	0	0.00118237291267393	0.183581989365913	0	0.149064476964015	0.0262455221009498	0.362103772192489	0.00946082894638951	0	0.067003916295172	0.0310212350642754	0.02070576497209	0.0793043523695953	0.0103647452178027	0.0335975382168502	0.0101534422168786	0.0142765223122962	0.00193352085260979	0	0	0	9999	0.137197774835744	1.01033005626371
SY96	0.0368008341051994	0	0	0	0.298646152098861	0	0.131913022558386	0	0.263936210258043	0	0.00496304736543365	0.0620248261481443	0.0239144160390622	0.0591991592445518	0.0182076055521621	0.0930951470704058	0	0	0.00729957955975152	0	0	0	0	9999	0.143608473765585	1.00600500178062
SY98	0	0	0	0	0.264778452368164	0	0.210755213382777	0.0165356581673053	0.28103649463458	0	0.00463693625468309	0.060130454329951	0.0285627882443639	0.0232764270423151	0.0290612106816771	0.0494522782996102	0.00520175420826676	0.0102141881658859	0.013638821723844	0.00271932249657687	0	0	0	9999	0.145450080167545	0.99826660642608
SY99	0	0	0	0.004718344639344	0.251992754856369	0	0.237295354880965	0.0284710623363254	0.274441393608235	0	0.00365108326887811	0.0751711135818842	0.00909888414654527	0.0255483450947453	0.0380267476829245	0.0160864199142512	0.00152914582759139	0.0133129007054166	0.0206564494565244	0	0	0	0	9999	0.144136475098991	1.00518475223198
SY103	0	0	0	0	0.278989665368814	0	0.228544635672405	0.0288743719779029	0.237999542015574	0	0.00641599660908354	0.0600458434932724	0.0194255885244829	0.0275430766112939	0.0331184456041848	0.0363694150567	0	0.024807602240823	0.0171825541028319	0.000683262722631632	0	0	0	9999	0.128546223962939	1.00844689097096
SY104	0.000991976731939097	0	0	0	0.26261601382968	0	0.179368371687591	0	0.250504800302627	0	0.00612000430095619	0.0654360870099981	0.0380934693847195	0.0267967059421365	0.0611627425640231	0.0708460476537897	0.00487992991831123	0.0121335051080794	0.00227447255135054	0.0187758730147986	0	0	0	9999	0.141205597259474	0.998975459941791
SY105	0	0	0	0.0068681449312025	0.22290635386553	0	0.246538010906542	0.043374345621168	0.284150889814954	0	0.00265703352159338	0.0731804858011238	0.0156686721619389	0.0246643011717756	0.0358610836958512	0.000389343504693824	0.00159475107801222	0.0254895210295373	0.0166570628960768	0	0	0	0	9999	0.121715587979326	1.01966090119181
SY106	0.0334147998743701	0	0	0	0.269195089691427	0	0.141181939203152	0	0.226279756845709	0	0.00439613721039222	0.0307810535171794	0.0364224122665067	0.0289591040955905	0.0469133022020511	0.141069569569759	0	0.0193628699946749	0.002664410597841	0.0193595549313469	0	0	0	9999	0.137451071495561	1.00589806167477
SY109	0.0315573287531589	0	0	0	0.300736794622034	0	0.129770999233985	0	0.270244589628972	0	0.00600199830882892	0.0646888996299821	0.0161642682294991	0.0531200118812777	0.0198687367195694	0.0931981615610311	0.00759486297484854	0	0.0070533484568141	0	0	0	0	9999	0.150915371752181	1.00258939029486
SY111	0	0.266627650404706	0	0	0.267183698130784	0	0.1302544362393	0.0504099751567707	0.175318208900339	0.0234151448956038	0	0.0248919669023947	0	0.0410124799483597	0	0	0	0	0.0208864394217415	0	0	0	0	9999	0.151375872163772	0.998915725206106
SY113	0.020152494502586	0	0	0	0.257951290475184	0	0.179618476145909	0	0.235472442328232	0	0.0055566079492584	0.0484285308530474	0.0379212487639909	0.0246568819934384	0.00541723410892823	0.123080725645476	0	0.0204884179541454	0.0210788160287013	0.0201768332511025	0	0	0	9999	0.148375772277588	0.999453367057005
SY115	0.0111133393598563	0	0	0	0.336480767531367	0	0.212928650606863	0.0198111048328676	0.249849596562877	0	0.00158878933704312	0.0285192415066382	0.0133970703067045	0.0337736200129083	0.0326742274796275	0.0339428569951986	0	0.0136555726489736	0.0122651628190754	0	0	0	0	9999	0.170450909088589	0.988681165796993
SY117	0	0	0	0	0.26062043942946	0	0.21529109056234	0.00624948580006931	0.238715403269317	0	0.00631930861150056	0.0764536382573628	0.0043393337048021	0.0364073771812773	0.0421110670581304	0.0742960640457886	0	0.02403175081396	0.0117817306836433	0.00338331058234826	0	0	0	9999	0.145411357454419	1.0028659974267
SY118	0.0232289049678103	0	0	0	0.291101673580585	0	0.166467962009405	0	0.23938072993481	0	0.00723528593098629	0.0649121384971862	0.0321665584147371	0.0351972070440694	0.013776268474134	0.108531351804671	0	0.00738463390630211	0.00847031069720819	0.00214697473809493	0	0	0	9999	0.126636218566797	1.00890039071745
SY119	0	0.000935183252046093	0	0	0.301865756677701	0	0.230342176019919	0.0378994245740701	0.242714897187636	0	0	0.0412536489110988	0	0.0346948251714756	0.0551202166416721	0	0.00120231086617283	0.0377979596417341	0.0161736010564747	0	0	0	0	9999	0.130435952534533	1.0073877258098
SY120	0	0	0	0.00309645441700616	0.261190467688975	0	0.198431655224568	0.0459188460050384	0.281478122047492	0	0.00247773893148509	0.0843506234922531	0.00502002735582774	0.0270139617752656	0.0456978071300191	0.0132237250550031	0.00999612558862559	0.00803343896011012	0.0140710063283307	0	0	0	0	9999	0.140178577237677	1.01417675645523
SY121	0	0	0	0	0.264419445118421	0	0.201626347832533	0.0314152453835116	0.269016232581059	0	0.00371927684862388	0.0743375609950949	0.014927671791647	0.0288037769995942	0.0364509258351484	0.0411707248787926	0.00648127182728878	0.00912244955329218	0.0185090703549929	0	0	0	0	9999	0.14703350010379	1.00469695553673
SY122	0	0	0	0	0.259728507569194	0	0.100273723645987	0	0.314361285732293	0	0.000704604343465694	0.0517488026124112	0.0362148313581061	0.0197990229392859	0.0500801872046986	0.109972495871482	0.0306256142757748	0.0106432075218624	0.002205026159479	0.013642690765961	0	0	0	9999	0.169295860657353	0.989660870757202
SY123	0	0	0	0	0.22324402771379	0	0.164215967773844	0.00792837993147763	0.334649252121401	0.00582224798240621	0	0.0689270848615331	0.0189548504674658	0.0307268621304592	0.0438204472566654	0.0570217312076764	0.0266554521198062	0	0.0180336964334752	0	0	0	0	9999	0.176638352510304	0.990262987991163
SY124	0	0	0	0	0.205062614997476	0	0.204044935606924	0.0605222563853705	0.283492734313923	0.0210681830509085	0	0.0590362257065745	0	0.0275571215731226	0.0908899256426135	0	0.0170599851598178	0.0312660175632696	0	0	0	0	0	9999	0.119798391320395	1.03601716190117
SY125	0	0	0	0	0.265311820298581	0	0.16910301214864	0	0.307510366983493	0	0.000130543843465807	0.0602397290128266	0.0175203498516128	0.0295954915213656	0.0364844342110648	0.0689742701729808	0.0196991844677036	0.000990148898724632	0.0212712255267895	0.00316942306275191	0	0	0	9999	0.179857134492261	0.985740395444645
SY126	0	0	0	0	0.179580562391052	0	0.090317725044746	0.00650852515624913	0.420555057184516	0.0347416620832265	0	0.0592394953262451	0.0191468043657434	0.0241309056593689	0.0618248505578349	0.0160040610458848	0.0534639159496642	0	0.0125238476728729	0.0219625875625961	0	0	0	9999	0.174062052483551	0.994709548229364
SY127	0	0	0	0	0.264088155121708	0	0.214064548011506	0.00326799060180052	0.258425611482759	0	0.00449354026924375	0.0722711255505655	0.0271564081066455	0.026276201587188	0.0344839940206708	0.0563981433434427	0.00256467140568952	0.0108614863349337	0.0174531197836021	0.00819500438024531	0	0	0	9999	0.149923776051951	0.99663635635828
SY128	0	0	0	0	0.224783387005279	0	0.227846219742663	0.0130091603188963	0.298492428527693	0	0	0.0751120305102939	0	0.0265778669885038	0.0831285614948506	0	0.0119835822678936	0.015081669753345	0.0215504070713695	0.00243468631921222	0	0	0	9999	0.14049479407675	1.00469108334899
SY130	0.0116198380361973	0	0	0	0.265027141661117	0	0.185862209211813	0.00582665227411954	0.238885420608356	0	0.00602842521190834	0.0501749239087164	0.023591528175964	0.0274887325614619	0.061658840708312	0.0739322803017686	0	0.0216535766362356	0.00976957593490853	0.0184808547691215	0	0	0	9999	0.145951759972115	1.00053766081821
SY135	0	0	0	0	0.272410344502954	0	0.1501533160614	0.0100322573142104	0.306844331896872	0.00298284382642751	0	0.0441838788377643	0.0150430870179342	0.0287797833896056	0.0580071852141896	0.0691226513918973	0.0236186844459491	0.00565932687308362	0.0109596545248003	0.00220265470291227	0	0	0	9999	0.190275444439152	0.983596393477505
SY136	0.00457316968612219	0	0	0	0.269677096756915	0	0.207624208455265	0	0.266803397720716	0	0.00468144495454331	0.0722397136969865	0.00857364463327575	0.0278997057767857	0.03418646923513	0.0742322756306663	0.00146145369355259	0.0144949164155326	0.012779120114203	0.000773383230305714	0	0	0	9999	0.136665925990221	1.00245268337927
SY137	0.0215960889863723	0	0	0	0.262378773839211	0	0.16281996865005	0	0.212394091434583	0	0.00605243696731597	0.0550940728116148	0.0273007296740463	0.0281595930543296	0.0478949699791365	0.129578100480677	0	0.0244420619298697	0.00934243718603124	0.0129466750067633	0	0	0	9999	0.108258976895313	1.01824686922792
SY138	0	0.0273717463224288	0	0	0.285295823411751	0	0.235974413524911	0.0239895702437598	0.242575039821603	0.00407263573072563	0	0.0448913516892489	0	0.0386981077603016	0.0535788775410186	0	0	0.0306642214644656	0.0128882124897869	0	0	0	0	9999	0.135785883320881	1.00287308426449
SY140	0	0	0	0	0.21166467047492	0	0.19678269913777	0.0457786825550184	0.308187598550537	0.0121008549712212	0	0.0731839962641457	0.00452113232743514	0.0235711803970581	0.0611634567134345	0	0.0235975445587175	0.021985333468711	0.0174628505810319	0	0	0	0	9999	0.123245067617567	1.02520664293021
SY141	0	0.0182393546012625	0	0	0.304271714801197	0	0.209224906743859	0.0500575771572387	0.243463119882697	0	0.000395371873347359	0.0410959468880068	0.0018149278309622	0.0362553612197064	0.0496110181436179	0	0.00424627757519784	0.0259074993933919	0.0154169238895146	0	0	0	0	9999	0.145374442004402	1.00384486995345
SY142	0	0	0	0.00938653418376148	0.201499164807189	0	0.260142259705472	0.0645161844751611	0.225696383774878	0	0.0064289225277203	0.0823830797835213	0	0.0200365890042316	0.0896883083340069	0	0	0.0402225734040583	0	0	0	0	0	9999	0.0772721620872333	1.06265066908983
SY145	0.00681524606865566	0	0	0	0.285855113582597	0	0.116180761230436	0	0.267158765094548	0	0.00458486629036053	0.0591984034557962	0.0202485461098307	0.0254069993810731	0.0322043870296509	0.129237078103883	0.015472573068786	0.0170738931921944	0.009030245812122	0.0115331215800668	0	0	0	9999	0.153199210348929	0.996996655290752
SY147	0	0	0	0	0.257203261464009	0	0.197939887801863	0.0189684563368228	0.245761411339305	0	0.00718927712765113	0.0790732697101684	0.0277097992454507	0.0240645321599759	0.0800353448026339	0.0240508956714041	0.00113438914516902	0.0173851710465045	0.00651753902879037	0.0129667651202521	0	0	0	9999	0.125360693873048	1.01257001643451
SY149	0	0	0	7.6157161970126e-08	0.174261718121639	0	0.219176636036926	0.0556755067921562	0.30615161853427	0.0135115299647373	0	0.0681991667608411	0	0.0225900650727017	0.08168739078971	0	0.0196201916304315	0.0172383184116446	0.0198202810985318	0.0020675006292494	0	0	0	9999	0.14556343290541	1.0206480736566
SY150	0	0	0	0.00518511015552463	0.237831267130928	0	0.208373758002294	0.0458782192434097	0.28467145797315	0	0.00814486683150447	0.119702066750825	0.00464420358992333	0.0211800269369995	0.0493529569805627	0	0.00350460971287382	0.00425226440791561	0.00727919228409013	0	0	0	0	9999	0.105346795146093	1.04021377754197
SY152	0	0	0	0.00995390155058273	0.255449136705125	0	0.20317767503987	0.0390448630770414	0.252785035497783	0	0.00834823355132626	0.101660554379883	0	0.046648088698436	0.0612511106743573	0	0	0	0.0185470772491572	0.00313432357643851	0	0	0	9999	0.123028617312257	1.02175184625417
SY153	0	0	0	0.00399871370484346	0.235280959283556	0	0.192807243771078	0.0282112270667024	0.284315901100813	0	0.00357225893227753	0.0769050119245435	0.0306210289302376	0.0266218187783905	0.067357928103915	0.0035099683284578	0.0120554194352576	0.0205944897831238	0.0116957972757932	0.00245223358101015	0	0	0	9999	0.105895679601936	1.02129123027348
SY156	0	0	0	0	0.27517701098265	0	0.14206510868903	0.016755342751005	0.259927069691562	0	0.00379038253869375	0.0502079882537017	0.0332821937381247	0.0273442677356491	0.0601781530296021	0.0716995749741131	0.0167343666180803	0.020949470713373	0.00737133869584958	0.0145177315885657	0	0	0	9999	0.161248537574545	0.994663844572367
SY159	0.00415015393629936	0	0	0	0.267644221375411	0	0.186857769708555	0.000201993272493075	0.232148241288268	0	0.00725064278906568	0.058512569233733	0.017150302237083	0.0325463685302257	0.042788900194413	0.0821657700881993	0	0.0386986213715151	0.016273989503974	0.0136104564707648	0	0	0	9999	0.13180582709709	1.00472696707103
SY163	0	0	0	0	0.250968074249417	0	0.186147090973931	0.0370288080420612	0.264049899796086	0	0.00367690229638281	0.0772091946139155	0.0206359980966455	0.0253153276705864	0.0731251857658801	0.00877556082931816	0.0106600760670055	0.014843368648173	0.0135328074960134	0.0140317054545843	0	0	0	9999	0.119308842432414	1.01883715050478
SY164	0	0	0	0	0.280258414932834	0	0.169002351312855	0.0068444616073964	0.245350134535021	0	0.00731686607523965	0.0804540452533797	0.0276259714405718	0.0362958955565586	0.0551445260869362	0.0750694735140756	0	0.00916641336292977	0.00114578557835586	0.00632566074384695	0	0	0	9999	0.136245349488929	1.00438629591057
SY165	0.0166505985386037	0	0	0	0.268049293464663	0	0.147024146405934	0	0.250932081549936	0	0.00364279903444687	0.0548245726416024	0.0190155105858459	0.0526019699003702	0.0245604224642686	0.107063152954917	0.000714564387427229	0.0147802801119815	0.0299724653377552	0.0101681426222488	0	0	0	9999	0.142803792103681	1.00049361021481
SY166	0.0376610197370166	0	0	0	0.261298738976435	0	0.140751515718704	0	0.222489694364591	0	0.00363867328743894	0.0494992801306159	0.0378130218310587	0.0283341481400476	0.0246852601802409	0.150391302009804	0.00122901076619649	0.0108659153355997	0.0114751572357107	0.0198672622865402	0	0	0	9999	0.124390189342766	1.01474432774736
SY168	0	0	0	0	0.261323901741016	0	0.147144315966925	0	0.264644967736119	0	0.0035196408888753	0.0633729565605727	0.0341158881002515	0.0237626375956083	0.0485966908908088	0.0912366075070264	0.0142273028968008	0.013396556811215	0.0119332657395274	0.0227252675652536	0	0	0	9999	0.149332275075475	0.996159729582802
SY170	0	0	0	0	0.291882218020493	0	0.145926483123978	0	0.236392352730121	0	0.00424808604929056	0.0924141396671188	0	0.0331642840377243	0.0236854437172841	0.145091281261716	0	0.0183353931750416	0.00886031821723243	0	0	0	0	9999	0.123126357479983	1.01233583895489
SY171	0.00568421216270932	0	0	0	0.277651563436609	0	0.133545024587701	0	0.248320619730913	0	0.00613174460218577	0.0704413920232616	0.0334129620019214	0.0308097432809939	0.042387646995042	0.113768129882854	0	0.014943637030021	0.00873997000572337	0.0141633542600648	0	0	0	9999	0.14503815511231	1.00075266007608
SY173	0	0	0	0	0.288183002647632	0	0.150238084069945	0	0.232151624949343	0	0.00425391072712054	0.0847601948028629	0	0.0322628574725954	0.020373964463492	0.152947089068156	0	0.0216332499311445	0.0131960218677094	0	0	0	0	9999	0.132934227572763	1.00783026634655
SY174	0	0	0	0	0.195641327289544	0	0.116477989309247	0.00444331061802711	0.363852870385703	0.0209344778239222	0	0.0599616191859716	0.0313072062914435	0.0361507327244394	0.0488207272143365	0.0588934512719892	0.0393314710188206	0.00160397366227095	0.0183649050896882	0.00421593811459643	0	0	0	9999	0.169847550086874	0.993223985167569
SY180	0.0224313653042053	0	0	0	0.269027401506141	0	0.209648482294098	0.00188826928799827	0.255321056404792	0	0.00358947929639149	0.0635514321270594	0	0.043700368088611	0.0178079760388856	0.0678608012512428	0.00220443877379836	0.00850307908843691	0.0344658505383396	0	0	0	0	9999	0.150646940084085	1.00046534403073
SY181	0	0.0149077737130189	0	0	0.322220917736344	0	0.229210267023516	0.047184340394194	0.228970011157	0	0.00278702933802769	0.0287540314829066	0	0.0325631391466906	0.00649855810317302	0.022143696349314	0	0.0379603547756086	0.0267998807802068	0	0	0	0	9999	0.136394189325763	1.0031214633951
SY182	0.0111529921003273	0.0116649241196792	0	0	0.330613545297323	0	0.192905418504544	0	0.220324523874909	0	0	0.029274291200858	0	0.0564519968021317	0.0174704088818856	0.0875832774320771	0	0.0179532291352227	0.0228636818203401	0.00174171083070195	0	0	0	9999	0.159121908015339	0.989845081865843
SY183	0.00402860208917735	0	0	0	0.197443024962698	0	0.0442023825752311	0	0.358504198706479	0.0468584030016066	0	0.0444229365748355	0.0309237530202229	0.0229634660931761	0.0171406973654997	0.130556776626274	0.0651951544339452	0	0.019412584236279	0.0183480203145763	0	0	0	9999	0.168098870152557	0.995879690268095
SY184	0	0	0	0	0.231571607440049	0	0.163299637255868	0.0414712990504799	0.332278772684343	0.0149351043264874	0	0.0408748085272761	0.0259237028468208	0.0274798596244453	0.0498042056517169	0.00411574673778047	0.0319963284300699	0.0188476940498505	0.0174012333748116	0	0	0	0	9999	0.144545378167036	1.00526262507499
SY187	0	0	0	0	0.21363875332969	0	0.184685218148893	0.0530654288983448	0.272636282776153	0	0.00301801942395727	0.0918915855866865	0.0162033914906134	0.0223281240745139	0.0909370431988114	0	0.0151897618729993	0.0165487322948163	0.0086680620775989	0.0111895968269219	0	0	0	9999	0.117969915677159	1.03436671188603
SY190	0.0533410006698332	0.0234692493342923	0	0	0.32968569209804	0	0.10168038410952	0	0.240047964352452	0.0142663938592323	0	0	0	0.0387379150287274	0.0325631599380123	0.125712974340402	0	0.0258822443413377	0.0146130219281505	0	0	0	0	9999	0.149275505706237	1.00386002228578
SY193	0	0	0	0	0.286821748665669	0	0.229754583875592	0.0433465343327386	0.249691365127529	0	0.00368010132222873	0.052107203200313	0.00253436045398897	0.0299759116101112	0.0422810066026151	0.00118031328735729	0	0.0340927675934011	0.0244170664880336	0.000117037440423158	0	0	0	9999	0.118692550272431	1.01469902450718
SY194	0	0	0	0	0.240454740437994	0	0.157424105860969	0.0221322632711158	0.307946362860417	0	0.000384536929450586	0.0627565766404963	0.0185835243156336	0.0234032170715985	0.0767750984400952	0.0292582943137781	0.0238762118083762	0.00756115780764598	0.0144412842849358	0.0150026259574928	0	0	0	9999	0.164523919558563	0.995775681300189
SY196	0.0417479275732579	0	0	0	0.313607560973252	0	0.123062457826915	0	0.243586685208611	0	0.000273212976316936	0.0153903170800765	0.0198142412426963	0.0395864034309014	0.0406857549921068	0.124942293023184	0	0.0228516143475975	0.0144515313250839	0	0	0	0	9999	0.143429740815119	1.00219717473238
SY197	0.0110209568749445	0	0	0	0.272181853546598	0	0.164578714871761	0	0.244164431549817	0	0.00674741996692196	0.0538514103397098	0.0265301542298876	0.0254330785100488	0.0519343460206972	0.0979220197539412	0	0.0223699385416687	0.00583419767152855	0.0174314781224756	0	0	0	9999	0.150939106725727	0.998515486605255
SY199	0	0	0	0.00932183659364007	0.254628789888447	0	0.220559536177204	0.0442584552706489	0.247432010312144	0	0.00665760606760988	0.0923603730968602	0	0.0395884095651191	0.0561268882642618	0	0	0.0155366843654061	0.013529410398659	0	0	0	0	9999	0.109195430558877	1.02970219362081
SY204	0	0	0	0.00381841911694435	0.237433288370186	0	0.243763919609315	0.0516115374341949	0.240244860626978	0	0.00633514463825335	0.0904527126564728	0.0118900008507277	0.0334637380776613	0.054458209966907	0	0	0	0.0195338205159974	0.00699434813636167	0	0	0	9999	0.102376498569481	1.03074126174553
SY205	0.012964535297151	0	0	0	0.261345477424318	0	0.204835876566535	0.00351779092154152	0.279756125438418	0	0.00123656110735323	0.0568879557616775	0	0.0358889554751613	0.0314142037257989	0.0718021323082843	0.00847721631512822	0.0125834726172042	0.0145970077099784	0.00469268933145008	0	0	0	9999	0.1886414925468	0.986803383722919
SY206	0	0	0	0.0263823692620473	0.272802587853916	0	0.210273948964932	0.0609574890989985	0.256983241019709	0	0.00611319620191901	0.0850238116881954	0.00676839479561994	0.0489486894231199	0.0210478173891732	0	0	0.00273227508634972	0.00196617921601935	0	0	0	0	9999	0.110129425010753	1.02712175266874
SY208	0	0	0	0	0.259664568934977	0	0.149117953781193	0.0140895028415157	0.323524210383734	0.00441844060759721	0	0.0569239798525666	0.0133767883391456	0.0312668437758861	0.0317808973819895	0.053138963688072	0.0257476033298523	0.00772429137756831	0.0292259557059019	0	0	0	0	9999	0.176119358879327	0.98915224060749
SY209	0.00889281680867695	0	0	0	0.314982497797871	0	0.192214364558466	0.0041113891354	0.243868587689981	0	0.000363438252177844	0.0222896704541128	0	0.0410321929856592	0.0448116369105726	0.0611677171400916	0	0.0407239126537584	0.0255417756132327	0	0	0	0	9999	0.160423884631269	0.991082029165535
SY210	0.00338420256305153	0	0	0	0.262149932248274	0	0.105044329977045	0	0.288038279980272	0	0.000135692741990074	0.051185526603223	0.0348127089464459	0.0238251549841711	0.0489337192911685	0.113336441354283	0.0267451318494871	0.0124855520556643	0.0100707570401264	0.0198525703647988	0	0	0	9999	0.167855416494177	0.990470035234714
SY211	0.0133516585829409	0	0	0	0.290879233536126	0	0.196710434013214	0	0.232192689069383	0	0.00469325935601354	0.03881813413645	0.0118925126693062	0.0365439800307059	0.0479293394530055	0.0705229664962472	0	0.0358864762346384	0.0180806447240982	0.00249867169787118	0	0	0	9999	0.131782424944123	1.00255240609846
SY212	0	0.0289202659815913	0	0	0.281950133203961	0	0.2091515414637	0.056708154046276	0.254406943234239	0.000746635225730356	0	0.0509522080868201	0	0.031828067475532	0.0319765419787266	0	0.00737506619142734	0.0216684685627166	0.0243159745492802	0	0	0	0	9999	0.11482877691339	1.01765575436788
SY213	0	0	0	0	0.174547078349318	0	0.164662569035983	0.0343165763409771	0.345960979641007	0.0193872133367279	0	0.0815970966216116	0.0151753424575951	0.0297390260482587	0.0666391488301995	0	0.0323356111391527	0	0.0268672108950956	0.00877214730407393	0	0	0	9999	0.118535143467635	1.02285479817233
SY214	0	0	0	0	0.268394914479545	0	0.120105634190263	0	0.309686993283529	0	0	0.0538807690439356	0.0272372726686827	0.0295432677252711	0.0384135014835277	0.0873446872402831	0.0293641924243028	0	0.0186392904198916	0.0173894770407685	0	0	0	9999	0.17418765733166	0.986727207748397
SY215	0	0	0	0	0.190361057105888	0	0.287989355097369	0.0414374841626137	0.256950974626148	0	0.00178106628414708	0.0921638590624347	0	0.0444156162871913	0.0417429565480741	0	0	0.0119999946805466	0.0311576361455875	0	0	0	0	9999	0.110175110621524	1.02763677625372
SY216	0.0317619996287015	0	0	0	0.266749987114496	0	0.144940518975175	0	0.24190828502312	0	0.00380709839601312	0.0436297663485493	0.0276833634019427	0.0306660848810312	0.0261234644397236	0.140018653423779	0	0.0130104466384732	0.01119561046049	0.0185047212685052	0	0	0	9999	0.159174018674682	0.999211679847354
SY218	0.0328350178115733	0.0730332660971035	0	0	0.335735188358615	0	0.11659635872892	0	0.209215713650952	0.00949925257933297	0	0.00731494632371089	0	0.0406403143331773	0.00269471155431025	0.143630314560306	0	0.0160764226086916	0.0127284933933076	0	0	0	0	9999	0.158936435594541	0.993391495959487
SY220	0.0469601592439613	0	0	0	0.329023271079272	0	0.139380582105026	0	0.228919071711378	0	0	0.000899787370247136	0.0147357382548313	0.0360466272538378	0.0223814306090354	0.144029658339716	0	0.0272294530510203	0.0103942209816746	0	0	0	0	9999	0.139034814774477	1.00253503285355
SY221	0	0	0	0	0.259965561408949	0	0.179449754659727	0.0342640306050063	0.316816885816988	0.00230566933643186	0	0.0574406111172248	0.00975713478856319	0.0286605306295545	0.0380409984204125	0.0117677463843706	0.0213688772811844	0.0175273963499773	0.0226348032016109	0	0	0	0	9999	0.140777327655016	1.00461890708021
SY222	0.0330800372423758	0	0	0	0.314720623426221	0	0.143593740364733	0	0.237336865396512	0	0.00287483018001612	0.0297943407543492	0.0109846957609706	0.0467767088898789	0.0316604681884763	0.121814255603605	0	0.0177810093129592	0.00729355985014227	0.00228886502975914	0	0	0	9999	0.148405006782131	0.9999233572195
SY223	0.0366279025668007	0	0	0	0.271150935344495	0	0.143681667141919	0	0.231510861073458	0	0.00353032173152306	0.0469799665568073	0.0181821385618986	0.0306567037336697	0.0226725038627253	0.145565125348335	0	0.0188852496965055	0.0152533457688377	0.015303278613025	0	0	0	9999	0.126839211274497	1.01395180751937
SY225	0	0	0	0	0.289708153343656	0	0.183829730342366	0.0117313860377734	0.249836947452026	0	0.00267876857158579	0.0460178109851631	0.0347565804821986	0.0397380780190176	0.0347378305105864	0.0536248856812602	0.0072841259295839	0.0183660249046687	0.0182337177254217	0.00945596001469185	0	0	0	9999	0.154810235903571	0.992784697241364
SY226	0	0	0	0	0.277692650642512	0	0.196108131457086	0	0.291045788655033	0.0255279112801928	0	0.0452204198562273	0.0139685332702523	0.0295455733940126	0.0400996069910046	0.0385736337493971	0.0202074625754785	0.00424173235022069	0.0158385489064296	0.00193000687215424	0	0	0	9999	0.161586329699487	0.991145591751716
SY227	0.0250104768336435	0	0	0	0.287548244418304	0	0.182114142399827	0	0.237867524033443	0	0.00228887105644085	0.0490182303558286	0.00296915761244811	0.0475025336155343	0.0366269813648707	0.0922479208230124	0	0.0115933383053874	0.0215177437106148	0.00369483547064493	0	0	0	9999	0.176153483641753	0.991582982857949
SY228	0.0133655936385966	0	0	0	0.273188979776497	0	0.161183620439902	0	0.219580932734323	0	0.00530446902957772	0.046212044488946	0.0121388877523639	0.0322974219638408	0.0455999792974429	0.127585134282472	0	0.0456749235900372	0.0109278682326553	0.0069401447733454	0	0	0	9999	0.139190689780024	1.00594613669328
SY230	0.0253881611096888	0	0	0	0.271662941843739	0	0.122452923025242	0	0.252549803761474	0	0.00274639471276657	0.0550557978474156	0.0287385035037165	0.0370486343202533	0.0206592996285978	0.141630277595396	0.0127906781947748	0.00882404105429685	0.0133130338167154	0.00713950958592244	0	0	0	9999	0.131050288951683	1.007851747178
SY231	0.0115183610375358	0	0	0	0.261567083206323	0	0.149230478692283	0	0.278672672060361	0	0.00325176185982182	0.0654041857322198	0.0170550435895496	0.0489876436359588	0.0516518701763491	0.064257808480933	0.0166726699751631	0.00549430978511403	0.0146789173742447	0.011557194394143	0	0	0	9999	0.157236479242991	0.996036050170291
SY232	0.0150866040054223	0	0	0	0.26487121181321	0	0.153142097233974	0	0.245696624698664	0	0.00528432111903118	0.0676334639854963	0.0244987600452891	0.0411357317473318	0.031680450768733	0.108042003130295	0.00687469554873764	0.0138434718990563	0.012955393765194	0.00925517023956583	0	0	0	9999	0.132752948986073	1.00688227092372
SY234	0	0	0	0	0.27898754715201	0	0.125821879444625	0.00504301656326397	0.272142572001791	0	0.00377038245261202	0.0483708737995814	0.030076742926937	0.0268456616095266	0.0368655006506673	0.112545027792686	0.0159649303636191	0.0196368415088605	0.0134875716777694	0.0104414520560509	0	0	0	9999	0.169170741028189	0.989857204827397
SY238	0	0	0	0	0.207575834374165	0	0.0443881109761206	0	0.359272299472519	0.0357870249334452	0	0.0510684758555649	0.0469292258109727	0.0246570875945132	0.0277660633029284	0.117135234236827	0.0541154904437957	0	0.0123660131033307	0.0189391398958183	0	0	0	9999	0.171649676079286	0.992733929670455
SY239	0	0	0	0	0.24807614948443	0	0.257990624711678	0.0565504229452759	0.235035293497399	0	0	0.0635702802524595	0.00614321623453298	0.0382533369718321	0.0576122101349663	0	0	0.0189999977740954	0.0177684679933312	0	0	0	0	9999	0.115789291389655	1.02315989349121
SY240	0	0	0	0	0.259642669019529	0	0.139145862767334	0	0.260463360916356	0	0.00289556005326135	0.0699653229082381	0.0243201361532017	0.0268703751529971	0.0413891399617658	0.115606131048009	0.0128729009626967	0.015928855319341	0.0177222005582641	0.0131774851790067	0	0	0	9999	0.141006186442683	1.00066560823081
SY241	0	0	0	0	0.29383123203704	0	0.208425813196548	0.0375519150697363	0.246461646043173	0	0.00333026037865483	0.054963004218534	0.0137837678179808	0.0430194330764419	0.059663737380001	0.000920616397262915	0	0.0179951119490319	0.0140638434794623	0.00598961895613301	0	0	0	9999	0.137949380917085	1.00495103142167
SY243	0	0	0	0	0.298967271094438	0	0.166277948562639	0.00380852707137031	0.28807664508066	0	0	0.0541006488287695	0.00925935839468824	0.0377757463584524	0.0361628955706242	0.0473017648152654	0.0181342888248188	0.0100116425846457	0.0269289474781129	0.00319431533551496	0	0	0	9999	0.171247789255261	0.98770211096525
SY244	0.0234391566224836	0	0	0	0.308419280519465	0	0.13387805098424	0	0.238263500168403	0	0.00107170991936337	0.037691801463872	0.0194839815703017	0.0363269914625375	0.029237152759478	0.133906020954337	0	0.0226608229936747	0.0156215305818433	0	0	0	0	9999	0.160024581375199	0.995839900460551
SY246	0	0	0	0	0.220828528861717	0	0.179785252496876	0.0431917166362099	0.316889929733236	0	0	0.08165254353708	0.0109651057640673	0.0289036087359	0.0322013706593616	0.0268360259355691	0.0224150182724035	0	0.0325449657451055	0.00378593362247472	0	0	0	9999	0.176908260503421	0.998125776169345
SY249	0.0219178144205419	0.0108848957887949	0	0	0.331709640577784	0	0.144265445465139	0	0.253544913571845	0	0	0.00788310359377667	0.00664342734984043	0.0464614569224567	0.0393214188770895	0.0902051624772134	0	0.0250979981146443	0.0220647228408746	0	0	0	0	9999	0.165370167023695	0.988690333085108
SY252	0.00865470029783908	0	0	0	0.281945246018006	0	0.139142238998324	0	0.251050355430785	0	0.00407104209443268	0.0614494377355668	0.0165765255638118	0.0352009138851917	0.0262849651504581	0.120524100721018	0.0104690142413216	0.0220084404912235	0.0133727298011274	0.0092502895708939	0	0	0	9999	0.134982784225681	1.00365031503699
SY253	0.0250025386085912	0	0	0	0.262072313569246	0	0.206055381489106	0.000976734778307596	0.24391889797496	0	0.00589298696842552	0.0602285896297756	0.00550642502058168	0.0397440397961538	0.0306512752203529	0.0789188407365694	0	0.0104026216079466	0.0196266800614091	0.0110026745385751	0	0	0	9999	0.150416612302086	1.00193230190886
SY254	0.0264137076547539	0.0103617460364919	0	0	0.337973800604612	0	0.16191594791934	0	0.24795764497219	0	0	0.00634930093026681	0.013477545628291	0.0377698825500047	0.0292693028772725	0.0789112691185364	0	0.0280594784595979	0.0215403732486429	0	0	0	0	9999	0.15600711797001	0.991497958370335
SY255	0.0254597092217776	0	0	0	0.284583272169215	0	0.125207022927518	0	0.258118920649354	0	0.00501038492739686	0.054157910100357	0.0274411298738819	0.0460389675614357	0.00867304367434106	0.120737797948717	0.0126392252028791	0.00924201298107907	0.018489784648794	0.00420081811325362	0	0	0	9999	0.143976018882069	1.00200812561046
SY257	0.00740067649220177	0	0	0	0.283247763618648	0	0.13049558847039	0	0.249432282445107	0	0.00612033363200171	0.0553052130608932	0.017962319389732	0.025708510811893	0.0294099170042749	0.130866481268549	0.00684474547052346	0.0301988221531549	0.0121088927049134	0.0148984534777174	0	0	0	9999	0.145054335622723	1.00045217893737
SY258	0	0	0	0	0.30171453173514	0	0.244803801102111	0.00465230461745144	0.232692760666236	0	0.000498540741572613	0.0555280238619083	0.02065151475924	0.034068820562051	0.0344897356915258	0.0216108070361292	0	0.0165216149432	0.0294593192648871	0.00330822501854781	0	0	0	9999	0.135067050778803	0.997165115568527
SY259	0	0	0	0	0.271702820091306	0	0.124874732481275	0	0.29251161871248	0	0.00231002443404534	0.068635522073548	0.0262626796801092	0.0388748249804022	0.0459633181138968	0.0900824135718278	0.0207912070873331	0	0.0148144810734561	0.00317635770032043	0	0	0	9999	0.150561091251456	0.995226644929484
SY261	0.0418201325748601	0	0	0	0.2683036071879	0	0.150617492734718	0	0.225432620700889	0	0.00269102173107704	0.0493967217447574	0.0159716119884821	0.0297642920823696	0.0188486632091531	0.154598180412977	0	0.0135470932672254	0.0173174408886266	0.0116911214769638	0	0	0	9999	0.13548864714542	1.01341050787263
SY262	0.00267150765760648	0	0	0	0.28783347375455	0	0.158001063533581	0.00435201810834352	0.279501845543773	0.0145976033203283	0	0.0473774194403796	0	0.0486754514793856	0.0336406406222115	0.0756993940492931	0.0186001054217047	0.0072971954382321	0.021752281630611	0	0	0	0	9999	0.191696066620088	0.983630526457915
SY263	0.00883256764653577	0	0	0	0.263104082634996	0	0.164030522160988	0.0149594473355664	0.264489723818857	0	0.00870931996080431	0.0661344285300961	0.0394116597968243	0.0387822403149747	0.0270565242677527	0.0680144248686779	0.00154181377170197	0.0107949756013593	0.0224487841235106	0.00168948516735436	0	0	0	9999	0.13272772083366	1.00594745639515
SY265	0.00513178690233546	0	0	0	0.272598397658708	0	0.138897795860211	0	0.241484652739363	0	0.0054756065267855	0.0650639281755614	0.0241589313935292	0.0265643539401569	0.0474811501799608	0.120229287309461	0.00398413938409558	0.0237629968466375	0.0123491763578023	0.0128177967253929	0	0	0	9999	0.130086703588985	1.00605554673478
SY266	0.00414094157795272	0	0	0	0.263231797914623	0	0.0897871919564603	0	0.298412395929023	0.00734031333852397	0	0.0447141072124233	0.0304514256516243	0.0249535932007148	0.0255315222283008	0.135106519081935	0.0303973976843581	0.00820024018188648	0.0193751775322426	0.0183573765099312	0	0	0	9999	0.182396943838399	0.985893975139161
SY269	0	0	0	0	0.26652309634004	0	0.191650501200774	0.0183536060920883	0.240413343224848	0	0.00580042006364946	0.0646446088894124	0.0378054285462572	0.0411065329291178	0.0557418979492933	0.0438165632899849	0	0.011074817656114	0.0137052038724179	0.00936397994600363	0	0	0	9999	0.135275178898161	1.00318174650442
SY272	0	0	0	0	0.289281052444116	0	0.146658084873345	0.0316916253763696	0.309126699433185	0.0066303121065659	0	0.034408754995745	0.0137513786178727	0.0276085038381712	0.0511201165145069	0.0279039130683816	0.0252107445212161	0.0174275108484767	0.019079892402359	0.000101410959688881	0	0	0	9999	0.161084652866256	0.994295133540828
SY275	0.0267378298844513	0.199773000673442	0	0	0.299759953266444	0	0.085854990581768	0	0.168738904595485	0.0327265962951428	0	0	0	0.0512741637472594	0.00232456046367796	0.104029608804179	0	0.00785912648768603	0.0209212652004645	0	0	0	0	9999	0.153756660427464	0.99443758873453
SY10	0	0	0	0	0.24257789694437	0	0.201755219994892	0.0522186271963184	0.287645518787558	0	0.00541495072997153	0.108197648793572	0	0.0280537727803144	0.00463090872353157	0.058909943002467	0.0026053371977088	0	0.00685022015628853	0.0011399556930073	0	0	0	9999	0.163280104343565	1.01390826935361
SY100	0	0	0	0.00817219577594371	0.222677423270144	0	0.237780275983407	0.0518403047631886	0.290297590402377	0	0.00786975599662513	0.128983586030553	0	0.0205573444984446	0.0118333603246473	0.0175632774802625	0	0.00242488547440748	0	0	0	0	0	9999	0.0960035572060137	1.04944498170082
SY5	0.025688004296511	0	0	0	0.260528015840545	0	0.148507124445447	0	0.23661218819109	0	0.00558481483612404	0.0440016821588178	0.0343442290907867	0.0284227340650604	0.0441539401309778	0.123005126774749	0	0.0155434192868856	0.0059230921315553	0.0276856287514504	0	0	0	9999	0.153827067334441	0.99961119191362
SY6	0.0106297960291511	0	0	0	0.26370933590674	0	0.162117814091392	0	0.262640985953522	0	0.00251701171622571	0.0762322173852737	0.00656920545776093	0.0296272944433278	0.00689660989992635	0.122674503780667	0.00498310298187023	0.0233422883497232	0.0238913480949982	0.00416848590942273	0	0	0	9999	0.126220664672093	1.01056321175225
SY13	0	0.0646285645909519	0	0	0.287897067909145	0.000364465240491605	0.170868912181885	0.0133254108398111	0.231256289536059	0.0218980543639853	0	0.0305381789676361	0	0.0432078480959061	0.0103011736202774	0.0699199120148436	0.00716956057836902	0.0286372124098718	0.0199873496507676	0	0	0	0	9999	0.165981831106425	0.991697484426687
SY28	0.0336648737240026	0	0	0	0.25724576241562	0	0.143037831437893	0	0.23964215224016	0	0.00321199183226395	0.0502287046556619	0.0318052975538568	0.0238672449677142	0.0144283739866383	0.155025892811725	0.00970449013928531	0.0138569248753712	0.00735468085042846	0.0169257785093791	0	0	0	9999	0.127162520617125	1.01293243704904
SY39	0.0185276754242475	0	0	0	0.281408361656662	0	0.153280469538658	0	0.226754128550937	0	0.00469250215624813	0.0896023151914877	0	0.0364321319363616	0.0245316931894098	0.149098098871018	0	0.0156726234849704	0	0	0	0	0	9999	0.118908642894811	1.02217646332963
SY51	0.0643917395228534	0.107176937428342	0	0	0.282237305690036	0	0.113136726587498	0	0.190582858750488	0.00601433242089298	0	0	0	0.0377514293887976	0.00616016193423104	0.159673764824057	0	0	0.00909407356251481	0.0237806698902896	0	0	0	9999	0.145641397970987	1.00479947044282
SY74	0	0	0	0.000544893890108376	0.228087772085299	0	0.153679798803114	0	0.340927708884856	0	0	0.052173292112144	0.0342852365138899	0.0338978359297992	0.0186075286123184	0.0747919321517512	0.0276146757107792	0.00654633050942725	0.0288429947965136	0	0	0	0	9999	0.165751574030034	0.989173502283446
SY75	0	0	0	0	0.277617143324965	0	0.226458401288146	0.0190145211876975	0.238135145413634	0	0.00437818876802444	0.0710653906983803	0.0108686735078015	0.0329583439701438	0.0510881081693881	0.0321477793192285	0	0.020035892491437	0.0162324118611538	0	0	0	0	9999	0.166044094960861	0.996419895308623
SY80	0.00135639669241434	0	0	0.0215655257327504	0.28786365956782	0	0.169284002969305	0.0228254513665373	0.262565611867161	0	0.00359167685224393	0.0800085900172274	6.4848516723918e-05	0.123952241932257	0.0078059623644838	0	0	0	0.0191160321210761	0	0	0	0	9999	0.179483340431455	0.990148787683154
